Some((
    red: 0.65882355,
    green: 0.6,
    blue: 0.5176471,
))